# Starting simulation
# Date: 21-05-2020 11:24:07
# Read command-line args
# Read input parameter file
# Read household demographics file
# Read hospital parameter file
# Start model set-up
# param_id: 1
# rng_seed: 1
# param_line_number: 1
time,lockdown,lockdown_elderly,intervention_on,test_on_symptoms,app_on,total_infected,total_case,n_presymptom,n_asymptom,n_quarantine,n_tests,n_symptoms,n_hospital,n_critical,n_hospitalised_recovering,n_death,n_recovered, n_waiting, n_general, n_ICU, n_discharged, n_mortuary
1,0,0,1,0,0,5,0,4,1,0,0,0,0,0,0,0,0,0,0,0,0,0
2,0,0,1,0,0,5,0,4,1,0,0,0,0,0,0,0,0,0,0,0,0,0
3,0,0,1,0,0,8,0,3,3,0,0,2,0,0,0,0,0,0,0,0,0,0
4,0,0,1,0,0,9,0,3,3,0,0,3,0,0,0,0,0,0,0,0,0,0
5,0,0,1,0,0,12,0,6,3,0,0,3,0,0,0,0,0,0,0,0,0,0
6,0,0,1,0,0,14,0,7,4,0,0,3,0,0,0,0,0,0,0,0,0,0
7,0,0,1,0,0,16,0,8,5,0,0,3,0,0,0,0,0,0,0,0,0,0
8,0,0,1,0,0,19,0,9,5,0,0,5,0,0,0,0,0,0,0,0,0,0
9,0,0,1,0,0,23,0,9,7,0,0,7,0,0,0,0,0,0,0,0,0,0
10,0,0,1,0,0,28,0,12,8,0,0,8,0,0,0,0,0,0,0,0,0,0
11,0,0,1,0,0,36,0,19,9,0,0,8,0,0,0,0,0,0,0,0,0,0
12,0,0,1,0,0,43,0,21,12,0,0,9,0,0,0,0,1,0,0,0,0,0
13,0,0,1,0,0,55,0,27,13,0,0,13,0,0,0,0,2,0,0,0,0,0
14,0,0,1,0,0,69,0,34,14,0,0,19,0,0,0,0,2,0,0,0,0,0
15,0,0,1,0,0,81,0,45,14,0,0,20,0,0,0,0,2,0,0,0,0,0
16,0,0,1,0,0,94,0,51,16,0,0,24,0,0,0,0,3,0,0,0,0,0
17,0,0,1,0,0,113,0,60,21,0,0,28,0,0,0,0,4,0,0,0,0,0
18,0,0,1,0,0,140,0,77,26,0,0,31,0,0,0,0,6,0,0,0,0,0
19,0,0,1,0,0,165,0,89,29,0,0,40,0,0,0,0,7,0,0,0,0,0
20,0,0,1,0,0,193,0,101,34,0,0,46,0,0,0,0,12,0,0,0,0,0
21,0,0,1,0,0,237,0,131,40,0,0,50,0,0,0,0,16,0,0,0,0,0
22,0,0,1,0,0,283,0,153,49,0,0,62,1,0,0,0,18,0,1,0,0,0
23,0,0,1,0,0,338,1,181,61,0,1,74,1,0,0,0,21,0,1,0,0,0
24,0,0,1,0,0,389,1,199,71,0,0,95,1,0,0,0,23,0,1,0,0,0
25,0,0,1,0,0,462,1,243,77,0,0,112,1,0,0,0,29,0,1,0,0,0
26,0,0,1,0,0,553,1,281,88,0,0,145,1,0,0,0,38,0,1,0,0,0
27,0,0,1,0,0,669,1,343,102,0,0,176,2,0,0,0,46,0,2,0,0,0
28,0,0,1,0,0,813,2,424,124,0,1,206,3,0,0,0,56,0,3,0,0,0
29,0,0,1,0,0,973,3,511,150,0,1,246,2,0,0,0,64,0,3,0,1,0
30,0,0,1,0,0,1187,3,639,186,0,0,285,3,0,0,0,74,0,4,0,1,0
31,0,0,1,0,0,1410,4,748,223,0,1,344,3,0,0,0,92,0,4,0,1,0
32,0,0,1,0,0,1704,4,904,267,0,0,416,6,0,0,0,111,0,7,0,1,0
33,0,0,1,0,0,2023,7,1072,312,0,3,495,6,0,0,0,138,0,8,0,2,0
34,0,0,1,0,0,2415,8,1254,384,0,1,613,6,0,0,0,158,0,8,0,2,0
35,0,0,1,0,0,2868,8,1494,461,0,0,712,5,1,0,0,195,0,9,1,3,0
36,0,0,1,0,0,3420,9,1765,558,0,1,857,7,1,0,0,232,0,12,1,4,0
37,0,0,1,0,0,3953,12,1995,636,0,3,1043,8,1,0,0,270,0,13,1,4,0
38,0,0,1,0,0,4579,13,2275,731,0,1,1240,7,2,0,0,324,0,14,2,5,0
39,0,0,1,0,0,5319,14,2603,837,0,1,1489,9,2,0,1,378,0,18,2,6,1
40,0,0,1,0,0,6100,18,2906,960,0,4,1754,16,2,0,1,461,0,25,2,6,1
41,0,0,1,0,0,6888,25,3207,1069,0,7,2050,23,1,1,1,536,0,32,2,6,1
42,0,0,1,0,0,7704,32,3432,1198,0,7,2406,25,4,1,2,636,0,38,5,6,2
43,0,0,1,0,0,8543,38,3621,1314,0,6,2781,29,5,1,3,789,0,46,6,8,3
44,0,0,1,0,0,9422,46,3811,1434,0,8,3183,43,4,1,4,942,0,61,6,10,4
45,0,0,1,0,0,10249,62,3897,1520,0,16,3602,52,7,1,6,1164,0,78,9,13,6
46,0,0,1,0,0,11083,79,3983,1615,0,17,4028,52,6,1,10,1388,0,83,11,18,10
47,0,0,1,0,0,11826,87,3912,1716,0,8,4487,60,10,0,13,1628,0,101,14,22,13
48,0,0,1,0,0,12532,105,3862,1762,0,18,4898,65,15,0,15,1915,0,114,20,24,15
49,0,0,1,0,0,13183,119,3763,1793,0,14,5271,80,18,1,16,2241,0,136,24,26,16
50,0,0,1,0,0,13811,141,3641,1792,0,22,5626,82,20,1,21,2628,0,146,30,31,21
51,0,0,1,0,0,14399,155,3490,1817,0,14,5917,91,25,1,24,3034,0,169,36,38,24
52,0,0,1,0,0,14866,179,3279,1804,0,24,6174,92,28,1,27,3461,0,181,41,45,27
53,0,0,1,0,0,15291,193,2987,1770,0,14,6412,103,28,2,32,3957,0,201,46,52,32
54,0,0,1,0,0,15665,217,2688,1711,0,24,6591,113,29,3,38,4492,0,215,53,53,38
55,0,0,1,0,0,15964,236,2382,1639,0,19,6718,117,27,3,45,5033,0,232,54,64,45
56,0,0,1,0,0,16257,256,2153,1568,0,20,6697,114,26,4,50,5645,0,244,58,78,50
57,0,0,1,0,0,16499,272,1916,1484,0,16,6605,112,29,4,54,6295,0,262,63,93,54
58,0,0,1,0,0,16690,292,1696,1384,0,20,6442,104,29,5,59,6971,0,270,68,107,59
59,0,0,1,0,0,16866,304,1486,1277,0,12,6241,103,29,6,62,7662,0,279,72,116,62
60,0,0,1,0,0,17018,316,1305,1175,0,12,5996,102,28,8,67,8337,0,290,77,126,67
61,0,0,1,0,0,17155,331,1131,1065,0,15,5693,113,19,6,78,9050,0,299,76,134,78
62,0,0,1,0,0,17240,350,968,965,0,19,5407,97,20,5,81,9697,0,302,79,153,81
63,0,0,1,0,0,17325,356,795,875,0,6,5108,91,19,5,88,10344,0,310,83,166,88
64,0,0,1,0,0,17393,369,649,782,0,13,4782,79,18,5,92,10986,0,315,86,184,92
65,0,0,1,0,0,17456,378,550,704,0,9,4414,77,16,5,96,11594,0,320,87,192,96
66,0,0,1,0,0,17512,386,481,625,0,8,3994,66,17,5,100,12224,0,321,91,202,100
67,0,0,1,0,0,17546,390,395,535,0,4,3632,54,15,5,104,12806,0,319,93,214,104
68,0,0,1,0,0,17586,392,348,469,0,2,3287,47,12,7,107,13309,0,317,95,220,107
69,0,0,1,0,0,17613,393,286,393,0,1,2971,42,12,6,108,13795,0,319,95,228,108
70,0,0,1,0,0,17638,396,247,341,0,3,2653,37,10,7,108,14235,0,320,94,235,108
71,0,0,1,0,0,17657,397,197,303,0,1,2340,21,9,5,110,14672,0,320,93,254,110
72,0,0,1,0,0,17681,399,170,262,0,2,2061,19,6,4,113,15046,0,320,92,260,113
73,0,0,1,0,0,17697,402,131,220,0,3,1813,21,3,3,115,15391,0,322,90,264,115
74,0,0,1,0,0,17713,406,109,190,0,4,1599,16,3,3,116,15677,0,322,91,269,116
75,0,0,1,0,0,17725,407,101,165,0,1,1402,14,4,3,116,15920,0,323,92,271,116
76,0,0,1,0,0,17737,408,88,144,0,1,1220,14,4,2,116,16149,0,325,91,274,116
77,0,0,1,0,0,17741,410,71,121,0,2,1064,11,2,2,118,16352,0,323,91,277,118
78,0,0,1,0,0,17749,410,61,104,0,0,908,9,2,2,119,16544,0,323,91,278,119
79,0,0,1,0,0,17755,410,50,86,0,0,799,10,2,1,119,16688,0,324,90,279,119
80,0,0,1,0,0,17761,411,47,79,0,1,682,8,1,1,120,16823,0,323,90,281,120
81,0,0,1,0,0,17768,411,44,68,0,0,569,8,1,1,120,16957,0,323,90,281,120
82,0,0,1,0,0,17773,411,39,58,0,0,497,7,0,0,121,17051,0,322,89,283,121
83,0,0,1,0,0,17779,411,37,53,0,0,434,5,0,0,121,17129,0,322,89,285,121
84,0,0,1,0,0,17779,411,25,48,0,0,371,4,0,0,121,17210,0,322,89,286,121
85,0,0,1,0,0,17784,411,21,35,0,0,311,3,0,0,121,17293,0,322,89,287,121
86,0,0,1,0,0,17786,411,20,34,0,0,257,2,0,0,121,17352,0,322,89,288,121
87,0,0,1,0,0,17786,411,14,31,0,0,220,2,0,0,121,17398,0,322,89,288,121
88,0,0,1,0,0,17787,411,11,24,0,0,186,2,0,0,121,17443,0,322,89,288,121
89,0,0,1,0,0,17788,411,10,20,0,0,160,2,0,0,121,17475,0,322,89,288,121
90,0,0,1,0,0,17789,411,7,16,0,0,140,1,0,0,121,17504,0,322,89,289,121
91,0,0,1,0,0,17790,411,6,13,0,0,122,0,0,0,121,17528,0,322,89,290,121
92,0,0,1,0,0,17791,411,5,10,0,0,105,0,0,0,121,17550,0,322,89,290,121
93,0,0,1,0,0,17791,411,4,10,0,0,93,0,0,0,121,17563,0,322,89,290,121
94,0,0,1,0,0,17791,411,4,9,0,0,75,0,0,0,121,17582,0,322,89,290,121
95,0,0,1,0,0,17791,411,4,6,0,0,61,0,0,0,121,17599,0,322,89,290,121
96,0,0,1,0,0,17792,411,1,5,0,0,54,0,0,0,121,17611,0,322,89,290,121
97,0,0,1,0,0,17792,411,1,3,0,0,47,0,0,0,121,17620,0,322,89,290,121
98,0,0,1,0,0,17792,411,1,3,0,0,38,0,0,0,121,17629,0,322,89,290,121
99,0,0,1,0,0,17793,411,1,3,0,0,29,0,0,0,121,17639,0,322,89,290,121
100,0,0,1,0,0,17793,411,1,3,0,0,19,0,0,0,121,17649,0,322,89,290,121

# End_time:                      100
# Total population:              20000
# Total edges in network:        34008
# Total total interactions:      13064221
# Total infected:                17793
# Total cases:                   411
# Total cases   0-9 years:       2
# Total cases 10-19 years:       3
# Total cases 20-29 years:       9
# Total cases 30-39 years:       16
# Total cases 40-49 years:       48
# Total cases 50-59 years:       75
# Total cases 60-69 years:       86
# Total cases 70-79 years:       86
# Total cases   80+ years:       86
# Total deaths:                  121
# Total deaths   0-9 years:      0
# Total deaths 10-19 years:      0
# Total deaths 20-29 years:      0
# Total deaths 30-39 years:      0
# Total deaths 40-49 years:      2
# Total deaths 50-59 years:      5
# Total deaths 60-69 years:      21
# Total deaths 70-79 years:      32
# Total deaths   80+ years:      61
# Total quarantined days:        0
# Ending simulation, run time:   1.56s
